name	grpsize	true positive	false positive	false negative	precision	recall	fmeasure
p__	1398	609	121661	789	0.00498078024045146	0.4356223175965665	0.009848950415628941
p__Acidobacteria	983	0	0	983		0.0	
p__Acidobacteria_subdivision_13	1	1	1	0	0.5	1.0	0.6666666666666666
p__Acidobacteria_subdivision_2	1	1	1	0	0.5	1.0	0.6666666666666666
p__Acidobacteria_subdivision_22	1	1	5	0	0.16666666666666666	1.0	0.2857142857142857
p__Aquificae	84	77	3	7	0.9625	0.9166666666666666	0.9390243902439025
p__Asgard_group	90	86	17	4	0.8349514563106796	0.9555555555555556	0.8911917098445595
p__BD1-7_clade	6	3	0	3	1.0	0.5	0.6666666666666666
p__Caldiserica/Cryosericota_group	28	26	2	2	0.9285714285714286	0.9285714285714286	0.9285714285714286
p__Calditrichaeota	39	22	3	17	0.88	0.5641025641025641	0.6875
p__Candidatus_Abawacabacteria	2	2	0	0	1.0	1.0	1.0
p__Candidatus_Aerophobetes	24	22	2	2	0.9166666666666666	0.9166666666666666	0.9166666666666666
p__Candidatus_Aminicenantes	105	103	9	2	0.9196428571428571	0.9809523809523809	0.9493087557603686
p__Candidatus_Atribacteria	62	61	1	1	0.9838709677419355	0.9838709677419355	0.9838709677419355
p__Candidatus_Baumannia	4	4	0	0	1.0	1.0	1.0
p__Candidatus_Berkelbacteria	52	28	3	24	0.9032258064516129	0.5384615384615384	0.6746987951807228
p__Candidatus_Bipolaricaulota	25	13	1	12	0.9285714285714286	0.52	0.6666666666666666
p__Candidatus_Calescamantes	16	15	2	1	0.8823529411764706	0.9375	0.9090909090909091
p__Candidatus_Coatesbacteria	5	3	0	2	1.0	0.6	0.7499999999999999
p__Candidatus_Dadabacteria	48	38	6	10	0.8636363636363636	0.7916666666666666	0.8260869565217391
p__Candidatus_Delongbacteria	7	7	3	0	0.7	1.0	0.8235294117647058
p__Candidatus_Dependentiae	49	47	8	2	0.8545454545454545	0.9591836734693877	0.9038461538461537
p__Candidatus_Desantisbacteria	13	8	2	5	0.8	0.6153846153846154	0.6956521739130435
p__Candidatus_Dojkabacteria	51	51	10	0	0.8360655737704918	1.0	0.9107142857142857
p__Candidatus_Doudnabacteria	35	35	9	0	0.7954545454545454	1.0	0.8860759493670886
p__Candidatus_Edwardsbacteria	6	6	0	0	1.0	1.0	1.0
p__Candidatus_Eisenbacteria	15	15	1	0	0.9375	1.0	0.967741935483871
p__Candidatus_Fervidibacteria	6	6	0	0	1.0	1.0	1.0
p__Candidatus_Firestonebacteria	5	5	0	0	1.0	1.0	1.0
p__Candidatus_Fischerbacteria	1	1	1	0	0.5	1.0	0.6666666666666666
p__Candidatus_Fraserbacteria	1	1	7	0	0.125	1.0	0.2222222222222222
p__Candidatus_Glassbacteria	3	3	0	0	1.0	1.0	1.0
p__Candidatus_Gracilibacteria	24	14	5	10	0.7368421052631579	0.5833333333333334	0.6511627906976745
p__Candidatus_Handelsmanbacteria	6	3	2	3	0.6	0.5	0.5454545454545454
p__Candidatus_Hydrothermae	9	0	0	9		0.0	
p__Candidatus_Hydrothermarchaeota	5	5	6	0	0.45454545454545453	1.0	0.625
p__Candidatus_Lindowbacteria	2	2	0	0	1.0	1.0	1.0
p__Candidatus_Mcinerneyibacteriota	1	1	1	0	0.5	1.0	0.6666666666666666
p__Candidatus_Ozemobacterales	1	1	1	0	0.5	1.0	0.6666666666666666
p__Candidatus_Peregrinibacteria	110	0	0	110		0.0	
p__Candidatus_Peribacteraceae	8	4	3	4	0.5714285714285714	0.5	0.5333333333333333
p__Candidatus_Poribacteria	69	69	2	0	0.971830985915493	1.0	0.9857142857142858
p__Candidatus_Porisulfidus	1	1	2	0	0.3333333333333333	1.0	0.5
p__Candidatus_Pyropristinus	3	3	3	0	0.5	1.0	0.6666666666666666
p__Candidatus_Raymondbacteria	7	7	0	0	1.0	1.0	1.0
p__Candidatus_Riflebacteria	9	8	5	1	0.6153846153846154	0.8888888888888888	0.7272727272727274
p__Candidatus_Rokubacteria	93	92	0	1	1.0	0.989247311827957	0.9945945945945946
p__Candidatus_Saccharibacteria	245	240	29	5	0.8921933085501859	0.9795918367346939	0.9338521400778209
p__Candidatus_Schekmanbacteria	8	7	0	1	1.0	0.875	0.9333333333333333
p__Candidatus_Sumerlaeota	16	11	4	5	0.7333333333333333	0.6875	0.7096774193548386
p__Candidatus_Wirthbacteria	2	2	0	0	1.0	1.0	1.0
p__Chrysiogenetes	5	0	0	5		0.0	
p__Coprothermobacterota	7	7	0	0	1.0	1.0	1.0
p__DHVE6_group	1	1	1	0	0.5	1.0	0.6666666666666666
p__DPANN_group	446	0	0	446		0.0	
p__Deferribacteres	24	23	0	1	1.0	0.9583333333333334	0.9787234042553191
p__Diaforarchaea_group	754	416	273	338	0.6037735849056604	0.5517241379310345	0.5765765765765765
p__Dictyoglomi	13	12	0	1	1.0	0.9230769230769231	0.9600000000000001
p__Elusimicrobia	192	188	14	4	0.9306930693069307	0.9791666666666666	0.9543147208121827
p__Euryarchaeota	642	0	0	642		0.0	
p__FCB_group	13150	11936	125	1214	0.9896360169140204	0.907680608365019	0.9468882630597755
p__Fusobacteria	279	273	1	6	0.9963503649635036	0.978494623655914	0.9873417721518988
p__Krumholzibacteriota	1	1	6	0	0.14285714285714285	1.0	0.25
p__Marine_Group_IV	4	4	2	0	0.6666666666666666	1.0	0.8
p__Methanomada_group	357	357	2	0	0.9944289693593314	1.0	0.9972067039106145
p__Microgenomates_group	902	897	23	5	0.975	0.9944567627494457	0.9846322722283205
p__Nitrospinae/Tectomicrobia_group	83	67	8	16	0.8933333333333333	0.8072289156626506	0.8481012658227848
p__Nitrospirae	399	373	13	26	0.966321243523316	0.9348370927318296	0.9503184713375796
p__OCS116_cluster	17	0	0	17		0.0	
p__OM43_clade	6	6	17	0	0.2608695652173913	1.0	0.41379310344827586
p__OMG_group	57	35	48	22	0.42168674698795183	0.6140350877192983	0.5
p__PS1_clade	5	4	15	1	0.21052631578947367	0.8	0.3333333333333333
p__PVC_group	3147	2937	141	210	0.9541910331384016	0.9332697807435653	0.9436144578313252
p__Parcubacteria_group	2111	2097	192	14	0.9161205766710354	0.9933680720037896	0.9531818181818181
p__Proteobacteria	91308	0	0	91308		0.0	
p__SAR116_cluster	205	0	0	205		0.0	
p__SAR324_cluster	67	0	0	67		0.0	
p__SAR86_cluster	638	0	0	638		0.0	
p__SAR92_clade	30	29	40	1	0.42028985507246375	0.9666666666666667	0.5858585858585859
p__Spirochaetes	1448	1431	3	17	0.997907949790795	0.9882596685082873	0.9930603747397642
p__Stenosarchaea_group	1101	558	4	543	0.9928825622775801	0.5068119891008175	0.6710763680096212
p__Synergistetes	145	145	4	0	0.9731543624161074	1.0	0.9863945578231292
p__TACK_group	1146	1138	36	8	0.969335604770017	0.9930191972076788	0.9810344827586207
p__Terrabacteria_group	76174	50997	220	25177	0.9957045512232267	0.6694804001365295	0.8006374076661616
p__Thermodesulfobacteria	53	47	0	6	1.0	0.8867924528301887	0.9400000000000001
p__Thermotogae	198	197	0	1	1.0	0.9949494949494949	0.9974683544303797
p__ant,_tsetse,_mealybug,_aphid,_etc._endosymbionts	37	0	0	37		0.0	
p__candidate_division_CPR1	2	1	1	1	0.5	0.5	0.5
p__candidate_division_CPR2	10	10	4	0	0.7142857142857143	1.0	0.8333333333333333
p__candidate_division_CPR3	10	5	0	5	1.0	0.5	0.6666666666666666
p__candidate_division_FCPU426	3	3	0	0	1.0	1.0	1.0
p__candidate_division_GN15	1	1	2	0	0.3333333333333333	1.0	0.5
p__candidate_division_KD3-62	1	1	7	0	0.125	1.0	0.2222222222222222
p__candidate_division_KSB1	23	20	36	3	0.35714285714285715	0.8695652173913043	0.5063291139240507
p__candidate_division_KSB3	3	3	0	0	1.0	1.0	1.0
p__candidate_division_Kazan-3B-28	10	10	5	0	0.6666666666666666	1.0	0.8
p__candidate_division_MSBL1	17	17	0	0	1.0	1.0	1.0
p__candidate_division_NC10	20	20	1	0	0.9523809523809523	1.0	0.975609756097561
p__candidate_division_NPL-UPA2	1	1	4	0	0.2	1.0	0.33333333333333337
p__candidate_division_SR1	7	5	5	2	0.5	0.7142857142857143	0.588235294117647
p__candidate_division_TA06	15	0	0	15		0.0	
p__candidate_division_UBP10	3	2	3	1	0.4	0.6666666666666666	0.5
p__candidate_division_WOR-3	52	27	8	25	0.7714285714285715	0.5192307692307693	0.6206896551724139
p__candidate_division_WS2	1	1	1	0	0.5	1.0	0.6666666666666666
p__candidate_division_WS5	1	1	4	0	0.2	1.0	0.33333333333333337
p__candidate_division_WWE3	129	109	6	20	0.9478260869565217	0.8449612403100775	0.8934426229508196
p__candidate_division_pMC2A384	1	1	1	0	0.5	1.0	0.6666666666666666
p__sulfur-oxidizing_symbionts	83	49	0	34	1.0	0.5903614457831325	0.7424242424242424
