name	grpsize	true positive	false positive	false negative	precision	recall	fmeasure
p__	641	225	16391	416	0.013541165142031776	0.35101404056162244	0.026076374804427184
p__Acidobacteria	446	0	0	446		0.0	
p__Acidobacteria_subdivision_13	1	1	1	0	0.5	1.0	0.6666666666666666
p__Acidobacteria_subdivision_2	1	1	2	0	0.3333333333333333	1.0	0.5
p__Acidobacteria_subdivision_22	1	1	0	0	1.0	1.0	1.0
p__Aquificae	46	45	2	1	0.9574468085106383	0.9782608695652174	0.967741935483871
p__Asgard_group	44	44	2	0	0.9565217391304348	1.0	0.9777777777777777
p__BD1-7_clade	3	2	0	1	1.0	0.6666666666666666	0.8
p__Caldiserica/Cryosericota_group	17	16	2	1	0.8888888888888888	0.9411764705882353	0.9142857142857143
p__Calditrichaeota	14	0	0	14		0.0	
p__Candidatus_Abawacabacteria	1	1	0	0	1.0	1.0	1.0
p__Candidatus_Aerophobetes	9	7	1	2	0.875	0.7777777777777778	0.823529411764706
p__Candidatus_Aminicenantes	35	34	3	1	0.918918918918919	0.9714285714285714	0.9444444444444445
p__Candidatus_Atribacteria	26	25	0	1	1.0	0.9615384615384616	0.9803921568627451
p__Candidatus_Baumannia	4	4	0	0	1.0	1.0	1.0
p__Candidatus_Berkelbacteria	16	0	0	16		0.0	
p__Candidatus_Bipolaricaulota	20	20	1	0	0.9523809523809523	1.0	0.975609756097561
p__Candidatus_Calescamantes	3	3	1	0	0.75	1.0	0.8571428571428571
p__Candidatus_Coatesbacteria	3	2	1	1	0.6666666666666666	0.6666666666666666	0.6666666666666666
p__Candidatus_Dadabacteria	12	8	4	4	0.6666666666666666	0.6666666666666666	0.6666666666666666
p__Candidatus_Delongbacteria	3	3	1	0	0.75	1.0	0.8571428571428571
p__Candidatus_Dependentiae	26	25	2	1	0.9259259259259259	0.9615384615384616	0.9433962264150944
p__Candidatus_Desantisbacteria	4	4	5	0	0.4444444444444444	1.0	0.6153846153846153
p__Candidatus_Dojkabacteria	25	25	4	0	0.8620689655172413	1.0	0.9259259259259259
p__Candidatus_Doudnabacteria	13	13	1	0	0.9285714285714286	1.0	0.962962962962963
p__Candidatus_Edwardsbacteria	1	1	0	0	1.0	1.0	1.0
p__Candidatus_Eisenbacteria	12	12	1	0	0.9230769230769231	1.0	0.9600000000000001
p__Candidatus_Firestonebacteria	2	2	0	0	1.0	1.0	1.0
p__Candidatus_Fraserbacteria	3	3	0	0	1.0	1.0	1.0
p__Candidatus_Glassbacteria	1	1	0	0	1.0	1.0	1.0
p__Candidatus_Goldbacteria	1	1	0	0	1.0	1.0	1.0
p__Candidatus_Gracilibacteria	16	12	6	4	0.6666666666666666	0.75	0.7058823529411765
p__Candidatus_Hydrothermae	3	2	5	1	0.2857142857142857	0.6666666666666666	0.4
p__Candidatus_Hydrothermarchaeota	1	1	0	0	1.0	1.0	1.0
p__Candidatus_Lindowbacteria	1	1	0	0	1.0	1.0	1.0
p__Candidatus_Mcinerneyibacteriota	1	1	1	0	0.5	1.0	0.6666666666666666
p__Candidatus_Ozemobacterales	1	1	1	0	0.5	1.0	0.6666666666666666
p__Candidatus_Peregrinibacteria	45	0	0	45		0.0	
p__Candidatus_Peribacteraceae	3	3	11	0	0.21428571428571427	1.0	0.35294117647058826
p__Candidatus_Poribacteria	31	31	0	0	1.0	1.0	1.0
p__Candidatus_Porisulfidus	1	1	1	0	0.5	1.0	0.6666666666666666
p__Candidatus_Pyropristinus	1	1	0	0	1.0	1.0	1.0
p__Candidatus_Raymondbacteria	1	1	0	0	1.0	1.0	1.0
p__Candidatus_Riflebacteria	6	5	3	1	0.625	0.8333333333333334	0.7142857142857143
p__Candidatus_Rokubacteria	35	34	0	1	1.0	0.9714285714285714	0.9855072463768115
p__Candidatus_Saccharibacteria	120	119	15	1	0.8880597014925373	0.9916666666666667	0.937007874015748
p__Candidatus_Schekmanbacteria	3	3	0	0	1.0	1.0	1.0
p__Candidatus_Sumerlaeota	13	8	1	5	0.8888888888888888	0.6153846153846154	0.7272727272727274
p__Candidatus_Wallbacteria	1	1	1	0	0.5	1.0	0.6666666666666666
p__Candidatus_Wirthbacteria	1	1	0	0	1.0	1.0	1.0
p__Chrysiogenetes	3	2	0	1	1.0	0.6666666666666666	0.8
p__Coprothermobacterota	4	4	0	0	1.0	1.0	1.0
p__DPANN_group	216	163	43	53	0.7912621359223301	0.7546296296296297	0.7725118483412323
p__Deferribacteres	18	17	0	1	1.0	0.9444444444444444	0.9714285714285714
p__Diaforarchaea_group	264	141	110	123	0.5617529880478087	0.5340909090909091	0.5475728155339805
p__Dictyoglomi	5	5	0	0	1.0	1.0	1.0
p__Elusimicrobia	106	103	9	3	0.9196428571428571	0.9716981132075472	0.944954128440367
p__Euryarchaeota	274	0	0	274		0.0	
p__FCB_group	5244	4868	44	376	0.991042345276873	0.9282990083905416	0.9586451358802678
p__Fusobacteria	75	72	0	3	1.0	0.96	0.9795918367346939
p__Marine_Group_IV	2	2	1	0	0.6666666666666666	1.0	0.8
p__Methanomada_group	138	118	0	20	1.0	0.855072463768116	0.921875
p__Microgenomates_group	221	217	17	4	0.9273504273504274	0.9819004524886877	0.9538461538461539
p__Nitrospinae/Tectomicrobia_group	32	32	6	0	0.8421052631578947	1.0	0.9142857142857143
p__Nitrospirae	185	168	8	17	0.9545454545454546	0.9081081081081082	0.9307479224376732
p__OCS116_cluster	9	0	0	9		0.0	
p__OM43_clade	3	2	1	1	0.6666666666666666	0.6666666666666666	0.6666666666666666
p__OMG_group	13	8	55	5	0.12698412698412698	0.6153846153846154	0.21052631578947367
p__PS1_clade	3	3	2	0	0.6	1.0	0.7499999999999999
p__PVC_group	1337	0	0	1337		0.0	
p__Parcubacteria_group	661	654	85	7	0.8849797023004059	0.989409984871407	0.9342857142857143
p__Proteobacteria	13481	0	0	13481		0.0	
p__SAR116_cluster	84	0	0	84		0.0	
p__SAR324_cluster	12	0	0	12		0.0	
p__SAR86_cluster	144	0	0	144		0.0	
p__SAR92_clade	7	7	24	0	0.22580645161290322	1.0	0.3684210526315789
p__Spirochaetes	450	440	2	10	0.995475113122172	0.9777777777777777	0.9865470852017937
p__Stenosarchaea_group	592	341	4	251	0.9884057971014493	0.5760135135135135	0.727854855923159
p__Synergistetes	65	64	0	1	1.0	0.9846153846153847	0.9922480620155039
p__TACK_group	472	470	14	2	0.9710743801652892	0.9957627118644068	0.9832635983263598
p__Terrabacteria_group	14666	14642	204	24	0.986258924962953	0.99836356198009	0.9922743290864732
p__Thermodesulfobacteria	30	26	0	4	1.0	0.8666666666666667	0.9285714285714286
p__Thermotogae	71	71	0	0	1.0	1.0	1.0
p__ant,_tsetse,_mealybug,_aphid,_etc._endosymbionts	21	11	91	10	0.10784313725490197	0.5238095238095238	0.1788617886178862
p__candidate_division_CPR2	2	2	1	0	0.6666666666666666	1.0	0.8
p__candidate_division_CPR3	2	1	0	1	1.0	0.5	0.6666666666666666
p__candidate_division_FCPU426	4	2	0	2	1.0	0.5	0.6666666666666666
p__candidate_division_GN15	1	1	0	0	1.0	1.0	1.0
p__candidate_division_KSB1	9	7	19	2	0.2692307692307692	0.7777777777777778	0.39999999999999997
p__candidate_division_KSB3	1	1	1	0	0.5	1.0	0.6666666666666666
p__candidate_division_Kazan-3B-28	5	5	1	0	0.8333333333333334	1.0	0.9090909090909091
p__candidate_division_NC10	12	12	0	0	1.0	1.0	1.0
p__candidate_division_NPL-UPA2	1	1	0	0	1.0	1.0	1.0
p__candidate_division_SR1	7	7	3	0	0.7	1.0	0.8235294117647058
p__candidate_division_TA06	9	0	0	9		0.0	
p__candidate_division_UBP10	3	2	2	1	0.5	0.6666666666666666	0.5714285714285715
p__candidate_division_WOR-3	26	16	5	10	0.7619047619047619	0.6153846153846154	0.6808510638297872
p__candidate_division_WS2	1	1	1	0	0.5	1.0	0.6666666666666666
p__candidate_division_WWE3	30	28	1	2	0.9655172413793104	0.9333333333333333	0.9491525423728815
p__candidate_division_pMC2A384	1	1	1	0	0.5	1.0	0.6666666666666666
p__sulfur-oxidizing_symbionts	15	8	29	7	0.21621621621621623	0.5333333333333333	0.3076923076923077
