
[MODEL] MOD1
/*
  M3 approximation to M5  (gamma)  with 20 categories used in discrete approximation

 You chose the following values:

    Parameter 1:    alpha   0.204
    Parameter 2:    beta    3.781
*/

  [submodel]    2.5 // use your own value for kappa here!
        0.05  0.05  0.05  0.05  0.05  0.05       0.05       0.05       0.05       0.05      0.05       0.05      0.05     0.05      0.05      0.05      0.05      0.05     0.05                // proportions
        0.0000001 0.0000001 0.0000001 0.0000001 0.0000001 0.00030921 0.00070215 0.00141923 0.00263124 0.0045664 0.00752739 0.0119185 0.018291 0.0274244 0.0404792 0.0593117 0.0872032 0.130883 0.208107 0.404275   // omega values

    [statefreq]
    0.0015978725191777014 0.02751765899558606 0.0010937914008931284 0.0029000820747461823
    0.0018127532522925996 0.014256448037638057 0.0020454060761162488 0.019822343718696886
    0.002145576041929209 0.02025210518492668 0 0
    0.0028629222487187938 0.0020486373653360217 0 0.009941061284631342

    0.0038436185269198706 0.04306662272113328 0.0010954070455030148 0.02475167542346045
    0.0012973626217388213 0.016570051118995458 0.004043958458545791 0.02404725437354996
    0.001996936737819655 0.02119079470327071 0.004313771108396828 0.03099129490684193
    0.007795485242702133 0.033275816385221375 0.007328563950444948 0.01657812934204489

    0.006019891816436922 0.045981245597368436 0.0008255943956519772 0.028989511235192618
    0.0024105417579505873 0.02619606170469894 0.0029049290085758415 0.022745044817981477
    0.0023733819319231987 0.02562250786818925 0.007667849318521104 0.021879059307082338
    0.0023749975765330854 0.009361044869682107 0.0006090980179271926 0.0005267001428229835

    0.005724228852827701 0.05524535179045736 0.0019468517549131753 0.01637294247658931
    0.004602971493566503 0.036767224387186 0.00874386862870548 0.031526073272714346
    0.0112222674602713 0.0783636105133226 0.028498355273787135 0.0824899668469726
    0.012899306565333437 0.046246211313389816 0.0060538203532445375 0.016326088782902603

/*********************************************/

