
[MODEL] MOD2
/*
  M3 approximation to M5  (gamma)  with 20 categories used in discrete approximation

 You chose the following values:

    Parameter 1:    alpha   0.271
    Parameter 2:    beta    2.163
*/

  [submodel]    2.5 // use your own value for kappa here!
        0.05  0.05  0.05  0.05        0.05       0.05       0.05       0.05      0.05     0.05      0.05      0.05      0.05      0.05      0.05     0.05     0.05     0.05     0.05                // proportions
        0.0000001 0.0000001 0.0000001 0.000509778 0.00129034 0.00271232 0.00504399 0.0086044 0.013775 0.0210195 0.0309162 0.0442107 0.0619041 0.0854069 0.116826 0.159549 0.219585 0.309275 0.461108 0.830317   // omega values

    [statefreq]
    0.02852953445159333 0.008582877223142167 0.01870789144366776 0.03457167776921035
    0.011793555889825688 0.007230347233633755 0.008936810304508854 0.005119389212625299
    0.02157727749617626 0.008595517690333834 0 0
    0.005132029679816966 0.00233848643045847 0 0.009278102918683875

    0.015636257916092577 0.007280909102400424 0.0033623642729835295 0.005536524629950323
    0.007318830503975427 0.0032991619370251924 0.014738784745484193 0.011742994021059019
    0.012994400273034092 0.007710684986917116 0.022386267396442974 0.009530912262517222
    0.019883454892492828 0.01562361744890091 0.005688210236250332 0.0033750047401751968

    0.04544247955404432 0.016002831464650934 0.008443832084033825 0.025356777186484814
    0.01971912881900115 0.015206482031575886 0.011566027480375675 0.0077991682572587885
    0.027695263616943282 0.012286534110300716 0.06442846127592876 0.016470528750742626
    0.009720519270392233 0.005738772105017002 0.007862370593217125 0.0011376420472500664

    0.027429813805918267 0.010529509170658948 0.019655926483042815 0.020136264236326175
    0.024092730467318073 0.01899862218907611 0.012994400273034092 0.015471931842600902
    0.04228236275612746 0.017368001921351014 0.07097622328121247 0.01553513417855924
    0.03292841703429359 0.018606767706134418 0.01591434819430926 0.0057008507034419995

/*********************************************/

