
[MODEL] MOD3
/*
  M3 approximation to M5  (gamma)  with 20 categories used in discrete approximation

 You chose the following values:

    Parameter 1:    alpha   0.508
    Parameter 2:    beta    1.463
*/

  [submodel]    2.5 // use your own value for kappa here!
        0.05  0.05       0.05       0.05      0.05      0.05      0.05      0.05      0.05     0.05     0.05     0.05     0.05     0.05     0.05     0.05     0.05     0.05     0.05             // proportions
        0.0000001 0.00330154 0.00907514 0.0177477 0.0294356 0.0443212 0.0626609 0.0848007 0.111201 0.142476 0.179445 0.223233 0.275411 0.338262 0.415255 0.512021 0.638566 0.815366 1.0959 1.73189   // omega values

    [statefreq]
    0.01624791111152284 0.020041492131574627 0.021686869762982244 0.011472867738297978
    0.014098163733859526 0.0062526408645515045 0.01067925738245483 0.005015905660212278
    0.016820731037627528 0.013060088449984276 0 0
    0.0035007377694196507 0.001968071336409989 0 0.007292774800452286

    0.02592203164251096 0.007076101674764889 0.007394163412709809 0.009898513601771264
    0.010947911471786946 0.0008502232865453195 0.0160698377113142 0.012490356501917892
    0.010878946628931576 0.00894947501800034 0.02214183186062514 0.012969507760860805
    0.030549366732903795 0.01406522530145099 0.0036556513343410433 0.0038810737311369575

    0.032392374958762626 0.02860188191674914 0.0025156727752018893 0.027935907986489067
    0.012918556123228852 0.005289191716601845 0.02293698620548744 0.01304207524476086
    0.017272605157232123 0.021909718844746243 0.047264591854222736 0.01833023763534994
    0.005228461481848608 0.006133239047070564 0.005269119859352894 0.0010298406757731139

    0.030174692064256707 0.013280364216716358 0.024378557286367245 0.012064215532632466
    0.02292309030431509 0.009941230631301083 0.02409806594788831 0.015864487171767236
    0.03946333000346368 0.02532708120713179 0.06833026336850026 0.022965292670838525
    0.033681605789752954 0.017393550963732213 0.018565438629267135 0.007600543278269538

/*********************************************/

