
[MODEL] MOD4
/*
  M3 approximation to M5  (gamma)  with 20 categories used in discrete approximation

 You chose the following values:

    Parameter 1:    alpha   0.49
    Parameter 2:    beta    7.885
*/

  [submodel]    2.5 // use your own value for kappa here!
        0.05  0.05  0.05       0.05       0.05       0.05      0.05      0.05      0.05      0.05      0.05      0.05      0.05      0.05      0.05      0.05      0.05     0.05     0.05                // proportions
        0.0000001 0.0000001 0.00143256 0.00286825 0.00484011 0.0073874 0.0105611 0.0144276 0.0190736 0.0246129 0.0311979 0.0390356 0.0484161 0.0597594 0.0737044 0.0912876 0.114352 0.146671 0.198102 0.315088   // omega values

    [statefreq]
    0.003970574287104988 0.0273937836201173 0.0004909149466403595 0.007987530134985977
    0.004212383772498966 0.018191473505705973 0.001605635828661303 0.014875452480788132
    0.0037329339307695273 0.02217872430904503 0 0
    0.0013773760127075054 0.004057083715069213 0 0.010867877173288807

    0.006696663550242695 0.0254243912811004 0.001804711741205483 0.04271741747469599
    0.0047486379976506956 0.011456245511671998 0.005140014988018965 0.02843241789682031
    0.0026109170728961795 0.016347676179576897 0.003098705172742651 0.03163274559036431
    0.017392564149867683 0.03548971111062471 0.0022356954576296627 0.009920442594740852

    0.0072996238403306955 0.04420475426632188 0.00039502497829447186 0.025744893077473883
    0.004706946707065527 0.038719743848710644 0.0018948691570959098 0.01071101369246211
    0.0038861494236700216 0.026137833491239097 0.005079041475538156 0.043556975838854824
    0.0009198140985352808 0.00596289683594373 0.0001818782551777977 0.0007389781256221123

    0.012787239963603503 0.035462090630612036 0.0030059420511906513 0.03018240981913276
    0.015317901302123233 0.04177050403728035 0.01064430762752584 0.027635071964378963
    0.017590597780147234 0.0529500236076933 0.017036624756496806 0.06228105558178633
    0.02589393944131586 0.04971686402281347 0.00516086063331155 0.006333428181019414

/*********************************************/

